-3.142223536821347
3.396054615667852
5.788559875663687
-1.5858249534163704
-9.094722837866225
1.948105488956756
-0.9328373160505148
-4.498362856733853
4.374069184708329
-6.95222994755871
-6.960873017924129
-5.721391825869273
-5.8439516458545615
-1.0356482814818868
-6.9015506824941575
-2.486247105880084
-1.3131705516007468
4.21701573433776
5.947401571627806
4.645488371203861
3.5978340389180445
-7.856122630420293
-0.027325900193542196
7.955881986674708
8.902823469972702
-9.23857348892776
4.358417260721197
2.573760527403463
-8.965084772246934
-4.8390117666927
-0.5973921393191084
-6.655247637672257
-4.742847644093809
-4.572795969655628
3.0227077453114397
6.156760968974847
1.8017292633827005
-8.573196218875111
6.581101662660611
-3.5148442046849304
2.5500093670878314
-1.1957859559600408
-3.0696579764186005
-6.277261214405058
4.147498131716759
4.133830627010154
0.9727609850340038
6.2853361386898925
-1.845032443060223
-8.582930125862793
4.048522564689275
-0.4653592687300705
9.168959653373538
-3.0244150262886755
4.110751084519698
6.235706622897894
7.801929029692886
-4.719673114186323
9.915871205893897
-2.4327065683428035
-3.005686384568338
-5.630607049052145
-6.648151631663564
-8.370977921099751
7.3378543240017144
6.245914081848575
3.5465347874239974
5.940098525213902
9.921517628110685
-4.989517371021375
3.542873551579236
-9.399866477582933
-6.3315969814297235
-6.529073377265009
-0.9027755704528655
9.583374023450734
-1.7859488256832563
-2.4144916124826077
-6.44837513805284
9.063443669673028
3.0836033199197175
-2.666094762414839
2.7503221003324754
3.716460646937069
9.257276825308189
2.4736174000656845
-0.38456142992943754
4.626198122786855
-9.82931514178788
-7.872275606907618
9.266178064317973
5.715722399022516
-4.221479482315404
-1.7368077918796843
2.4604994298198406
-0.44427352615031523
5.517191706203564
4.857220997085523
-2.342281593550222
7.95056445525783
3.8340000139656443
6.912393897475308
0.1450332242267809
7.878765830659816
-4.592496858281896
6.469681480626235
0.44049709935203474
9.165593309143432
6.265721504812333
6.381625396949051
3.579494613668995
-3.309009897132813
-8.28411084750619
-3.1536849881287177
5.911307486958195
6.987043295269842
-7.668526673854574
-5.433952988651345
-3.323112302645095
6.754866971670644
5.199223882455756
9.88284066942812
-2.0915116023799403
-0.8684015462083146
9.211040772527102
3.356264454060433
8.086334719933994
2.4639728853670952
0.39248208111616556
9.987307536740992
2.507040206760534
5.895730132009383
-3.9082351294154183
-3.3446852144440857
6.463023628747212
6.25188576872144
-4.689857201762104
-3.6767204314507484
-3.8983164710111655
-8.496322650150807
-3.463426286798259
-8.819921579182267
-3.7723430829119593
-2.4762161486946006
-5.8433720813411565
-3.8734965541029487
-5.669020116942254
6.892193752282761
-0.16239182482383185
3.8752373965684086
-4.231470968277975
1.188874624110932
6.2488981402857355
-6.57680977234512
6.295643284291312
1.5101904106510577
7.058569866009577
-5.232091491658801
5.039350458698522
-4.128221395703999
9.354332053003933
4.4780327403223925
3.524166727222511
-3.2886075155189998
2.468912097447829
-0.9089220842246739
-5.494042462380189
-3.1190079336200016
0.6470131566859134
-3.699917191449595
-1.8611124043138094
-1.6818593551126497
-3.926995149317756
7.503953756234203
-7.604984461423108
-5.987441066823704
3.4855506250566197
9.534617569720552
9.675615814095114
-9.065541003561524
7.9373931797240225
-1.7626269491162194
-7.802146395117726
9.267066299024368
3.2155591006332056
-7.930885644339485
5.009953694527612
1.5865166732883011
-9.980723689426888
9.992379890364372
7.382550867726387
4.558100782154771
-9.800081291862572
-5.31853616813192
0.8434302502734319
5.268605889534278
6.199335068331958
9.420103286577756
5.267399967924186
-5.50971699002996
-6.720053020902528
5.058543410519418
3.202574013083062
9.972762874545698
-3.7779744958459416
-7.9889431068707095
-2.991131368016939
4.285004470064544
-8.129398956183138
1.5132777964141848
3.404048763894865
3.7801581985123978
-5.7535272383230645
0.22199211019065146
5.657194329343692
-2.068000024991175
-0.10715985570048403
-7.271690572809131
-5.061016484145728
-8.407624680633958
-2.288916796158908
7.668418282661108
-0.7672734514510537
6.644869989943494
-0.2537291523779075
-5.145592395884002
0.7296108775981516
-5.9192882460605585
7.215001240152407
3.21092821291543
0.7761473978556523
-7.301314674049872
9.525198307820201
2.2917359455367166
5.211349754978585
6.431619469341886
3.119540647206838
-6.236554769786191
-7.674305842247313
8.72779813399901
-8.318786742651431
-6.517890507502191
-9.3065491594641
-0.5335860199671885
9.572708030849778
9.65151498788902
-5.225492214622307
-2.438020069476168
-3.6645623708531154
-1.9596396464454209
2.4513293750010696
-9.286623355812848
1.6599477757541194
1.3487792410235109
-9.438763786297732
2.6790175929689664
-2.5564494072439743
-3.4470590168915134
-7.996283405852422
-1.9896276567342408
-3.615766269618426
1.4197409176517422
1.1470109320483033
4.351887311301347
5.016724909062136
9.371888301633724
-6.972252956296132
-6.783887150162906
-6.821368540318367
-9.50304271083436
-3.7680720740205365
1.5686349006351445
1.60159672821775
-4.267724781075799
9.365112430588425
-1.3918147636570932
-5.345545325634948
-8.87922065535643
-3.3358457056488167
4.803086186251647
-3.7776091622980035
9.521271427624622
-0.42759708153111653
-6.454026307296772
3.288144586489361
-1.730231338648986
-2.0052112096575243
9.714510948779278
-6.011666425222558
3.0269434554422148
7.4687660888723855
3.9765999169061885
-5.250007329050521
0.40990972712185325
6.631596263148435
6.854369058199342
4.5694695988527165
-5.005086987917851
-6.86599775932555
-7.6379959610213
-6.422163970354234
9.89074617564772
5.544747078377398
7.458261241361214
-2.255985709026394
4.3210031722683535
3.810224312042525
-9.394704436179724
1.898847477050312
6.5165673840462155
-8.52231954924969
-9.59879329582681
-0.7796350205023792
-4.292003651723977
9.16021137946279
3.5544937600985964
-3.0974538833232863
3.1207698704219755
-9.383775891749215
0.39438242111651967
4.9368909872572715
8.614627185838145
-9.66443103224644
-4.338211380183159
-2.2318439593961887
6.971514725384907
4.669085198009917
-7.498564862622024
-2.9573607406762115
5.824938956212325
-2.692161910295967
-1.6235556510512001
7.749430725919954
-4.163190759470066
4.312849174411015
3.0525037274690554
9.762066476968236
2.9661225549567725
-6.084339562211012
0.8494674240434446
2.12007776378403
-7.462860220704586
-8.045400953499033
-7.965930934896712
-1.6530690103353933
5.302971299561596
-4.918861184622571
-8.47183122521282
-2.3170965678792204
6.813777347681992
0.765293960367563
7.032761150584321
9.318471414974347
3.1370695934030675
5.6485069354083635
3.2187464487622375
4.545801167822205
-1.6591205170179677
1.9370181524649883
3.811242587627204
-4.797010110039082
2.1388416446212375
-4.701753965175969
-0.8049943475976349
5.867711645111244
-0.29047980019738695
-2.882764177720281
3.594301285109358
1.9639690591479582
9.940590675352276
8.989756919304032
2.9313516140926392
-3.722321037025691
3.211766396125766
-2.026827949972625
-7.856729865430799
2.333847786215431
5.318644826138037
-2.6142719841654083
-0.9618312638525524
-5.329871586855237
0.2529266472361176
-0.16055586809812006
-9.303095696225274
-6.751419348866161
1.2927418300718614
-3.288684054728148
-2.0222750911194005
-7.920513691769655
7.220102264153724
1.402072846299017
-6.1431635696226605
0.5881039847566587
-1.5292243349511008
-7.498734367623332
2.1387122183273704
0.337276431174967
-3.3648389690273923
7.371992212082851
-5.504262475247277
-0.574161878068935
9.967027572925218
6.688093171002389
-4.152441102481063
-7.785195206037199
-2.5797438038262
-3.8988102144854597
0.766308783427176
2.9903434097406993
4.222009273313926
-7.515538706866249
6.894630160368351
8.75457337623115
-6.895973221467322
-0.9054052841925007
-4.710771603099113
-1.4577366227691808
-2.9479564079568066
6.512866040098327
-7.8465479769896
-5.506468895567044
-8.203412691436991
4.370847841102581
-8.401822787837892
-6.630325459619435
9.256704520551562
-7.364233280177088
4.8710717283410165
6.2813034872735045
6.761450069663258
0.6250691076763086
7.920069568877864
-0.8950313509195382
-8.887755838580398
-3.0607241886947527
6.207691709819208
6.396511403236342
-8.587508612825324
4.146753762955209
3.3686165968222213
7.566395641564981
0.07913319567323107
-1.6764586527916219
8.603689667195866
-4.33568595157634
-2.4359091265864556
-4.55407800711918
6.629340693935561
-3.672614188510675
3.05183234327982
4.152943949177676
3.5521618392440324
7.278298908489958
-9.237425004568474
-2.4593568276028304
-7.785825119924816
7.216784370483435
-0.5210667756103042
5.419230764986526
-8.644893334484982
7.029836328535641
1.5270779293239851
-7.1409371731275595
4.363762318583628
5.953117358407219
6.681777003035879
-9.129283024227313
-4.558624955652806
-9.351961318925268
-3.67204520686947
0.7090571985168399
-6.324411342346281
-3.883986409521876
-6.300309438050869
4.560673993227425
8.824513468860204
-6.046568575857876
-2.8691315822136643
2.268639492294927
-3.46392991679104
5.657915153551752
-5.010045002299539
-3.7319660280818727
5.278627887289195
-3.471523801333804
3.3346756584601245
5.050240758243438
-7.565281142569371
9.159189964855706
0.31063918128247003
-0.7564677101960484
-7.18961422229333
4.608062048857267
-5.068765147227785
3.7919994684708502
-0.761483165757646
-5.970217667275506
2.11441660060869
-5.265581930839989
-7.994713183316051
