-3.3995687245403676
-3.2487028448917314
3.7505239414366223
-1.4846387843880358
-9.516116752022793
-9.134608423896427
-5.285687908374199
3.98172078516974
-1.527364805472235
-3.7562170173073106
8.370946324969925
-9.062123913139777
8.464188657651722
-6.256285654296487
5.467961159429757
-8.578812843230509
-0.5981513387454935
-8.591022934688354
1.2103380647828583
8.554943894462681
3.412954547891612
-3.3997693358113708
-3.691269941763318
-6.176803721140596
6.976973513805596
2.716250430572643
-7.141356525518894
-1.1681638719176153
-2.035109377593254
2.9188283097251713
-5.051363612501179
9.915924504444554
-2.0891424353555044
7.8248229533320455
1.727648606339283
6.316523092618457
7.021590969038254
9.304647324269158
-5.881414472235136
5.638582774362661
-6.801452904395293
-1.6727495748170327
-4.55266841946512
-6.0852827750080944
-4.257572518697311
-8.782558742751245
-9.036621165885986
1.8379692950681132
9.429102950961948
5.742182555502497
1.5603092935346226
3.5899658977670352
5.290572426271311
-3.8817403798924204
2.961379631318689
0.1791313423451264
-9.295890816865258
4.334510735210287
3.217505679092053
5.316916061159953
-6.712728746949619
-5.89240707913274
-1.4280364374479593
-1.4017311384444824
-9.384008044734875
3.3410325155234837
0.5781631935423182
8.115881196118401
0.9274915790058742
1.1330910259814342
5.813875149590828
-7.3740091461628126
-1.2607180233552295
6.179762510707782
3.617327318212947
-8.003171093289174
3.7100770475907137
-5.155006612581017
6.977619053480744
3.9090677986832496
-8.912062271796588
-0.7789927106220276
7.043925899648162
4.640917985381257
7.735525587418607
8.177383819399552
-7.3249901692342645
2.2587870790043514
8.991861114897112
-2.301664993570993
3.0325687991288284
-8.352287929007021
-1.4754796805922403
-9.26659864082658
-6.57099683918128
-7.445950258279046
-4.154273770519616
1.3375601713717096
-7.527805112408061
-5.823812740676548
-5.689662142955047
-6.947464159488721
-7.9930618491718475
2.8273270338822325
6.18324735106998
-2.718125843857571
0.4346860459789177
-7.192331316451119
0.7582576272333093
-6.161878018085898
4.7003075845017595
-5.13839642653577
6.53001148234442
-7.10875831085084
6.566582210662403
1.4588108911835196
9.065100682064532
-4.7768326762687385
4.754194214703695
3.6264296181574647
-7.51199860022459
5.994188723217091
6.1070131006672135
0.17275718402370366
4.392015519502806
-3.847364882233972
6.149482962540787
-3.1187851952737455
-8.495068608508626
5.170109821811442
2.23497545092882
0.616593194596522
-3.4163536131330208
-1.0396942683607477
-9.059015410083367
-8.726122969435128
5.7815244883899
-2.3597823800200075
-4.550915349661555
3.113227630488968
-9.873200352052775
9.218345271082615
8.354593374056297
6.262983171369516
-5.230147381958772
7.345260269218947
0.6829187309704121
9.035819781394203
-4.698260335670776
-6.06229814681164
-1.1533992090363796
2.1914960516092723
1.7158659538022363
-9.21187162037674
7.859083458229328
-2.6071176010859487
7.479234391122159
8.197458382798533
1.3282938457900428
-6.159736979389412
-6.300762193933833
3.2194855641637368
6.5851246639513406
-0.5678194129643988
6.516479306442829
5.28126628837412
6.758960504111734
-4.210638704003575
9.623650583009557
-7.255466183349187
0.6944089726047942
-9.908440067318942
-6.794976995903939
-9.60101763599537
6.310431011105571
0.9154311059579161
-4.389360517993173
4.929054831773051
3.33510427803105
0.12481661663325205
4.723820237583123
3.0716354090726643
7.306272635237583
-1.6468764359829748
-7.749863126567469
5.482837157665795
8.310374713371395
-2.269252646404089
-3.9494647021565576
-1.7421475881738058
-4.861227565092783
2.24877717142264
3.1608177957561026
-6.4013764161245295
-1.627070928786953
-6.486506161157905
-0.7157750598715733
1.2998577063397079
4.366826329719153
7.63446522903466
-0.6866028767587125
3.524702513254871
-3.8229686928759143
7.602314632826676
-2.1674805789240548
-3.232816955244477
7.197859389071205
-5.249478949707256
-1.4300168535082296
-3.0507358394017725
8.591114020761268
2.758901098367218
-2.583563923209309
-3.7237930683303517
-7.44309171428291
8.144679829857143
4.892623375005712
-6.225349458042162
0.07410965719667573
-7.6996265489869975
0.84593908561577
-4.636355675758617
-6.054017070622846
1.8759540432963853
-3.325834667614318
-6.140376177258638
-4.181374131479263
-3.3339289959908536
-1.480621494703751
-5.507876924703979
9.296839867183554
7.151373036770529
-1.3554439165738472
7.30777587905542
0.3640948285404466
7.456266260976257
-8.400065999862669
4.265960623407656
1.0202867012071675
3.7237059172588687
-3.1942939050543266
-4.119793528384735
2.3830162351077213
2.770930795792454
9.822180403615434
-0.0647267160820384
9.455144894446338
1.3782964651300063
0.8480428087136005
-6.889406964302198
1.3434212596993689
2.6766728870434253
-9.118090676270059
-4.733460457506653
-2.0800036749992135
2.837135885125557
3.5018778892108067
-4.2992200665075035
-3.2493179038332425
-1.3700264945770968
-6.6376750203648305
-9.142257298369397
-7.429162467456248
4.408296902149049
-8.723283644205162
3.7750073411068605
5.6717933251954165
-4.315152375005091
0.14974475155003653
-3.0237793107872424
5.267768655943373
-4.291149899451865
6.041626346602548
-7.429090446267987
-0.7547515947118733
-8.68694507649722
-5.708075728387303
-4.002655047741799
-7.346161825074214
4.789398679268599
1.899802343120614
3.145406308492065
-6.120365920455351
-0.33501926683975114
-5.747865293542986
-5.4778468842790895
9.649172987828393
-0.0116577602328789
6.810438963629288
4.6736119910996425
-2.155923411123874
-4.900680795274981
0.51211876470067
0.25206343896092775
0.5635144913008219
4.8440074181889905
3.411048303461353
5.918883792643879
-1.0463469068042919
-6.190319708651845
-9.522953327377541
3.6987947066616975
-3.9697093589630033
7.392760598057709
8.493337483246801
-1.547857823704902
4.05290025407256
-2.623756574708618
3.6356008863927407
9.807613775360473
8.965344212360918
-9.818762614261203
-4.414220169879912
-0.8014193030610386
6.000545748354501
7.070586199528229
3.9283106351230135
9.57203992579807
7.75344411050574
-7.6791996403655265
-9.90400290188152
4.889896298350145
-1.1414179997405398
2.7418128644719815
-8.722734191843369
6.718130775451609
9.865707250977795
-0.08763262503625846
-8.533917870565142
-3.9998421240236137
6.988812818824222
5.112104246323842
-0.7696700602379067
-0.4635301882518448
4.111049664206369
6.1697182097942225
1.7939887504850631
-7.2565532368596415
-1.240002854406196
5.30981851664432
0.6729843378483586
2.939985515729324
-5.275200141699372
7.569419002959641
5.374105042419629
-9.288612028188535
0.5687076354296732
-9.53173483530075
8.560918788526873
0.8257273520711976
5.497592945102845
7.355477186912541
8.610148253934163
8.728697650116427
-8.122956078460524
-0.7817215270604461
3.6265037143603784
3.8187198035445
7.147674242022596
2.726861448762886
-5.2465071233517735
6.504877061634808
6.9703071117355435
5.9027121021081985
6.012263241436699
-7.523979529122558
-3.8602657178918776
-2.9639908916930686
-7.079931786243973
-5.339831137106406
-5.862222993847435
-2.6590128041905103
-7.215528016832991
-8.970887792208714
-1.8465953101023977
3.326439502054564
5.83894158157872
4.703910007420539
7.979707077093593
-9.028190796465157
8.280009152049978
1.742745924439479
-5.595465379667617
-9.462390379860642
5.785717663268798
-8.456599221939392
-4.456334858821906
8.202187769131143
-0.7604141962445699
-5.03163373580538
-5.97762293073677
8.705128051922163
-6.846121948088202
6.101417272369524
1.9933453442856646
1.790878012949669
-8.319525794591016
-5.029759189672436
0.6858075840523465
-5.5155459005590775
-2.882816693362895
0.6204893759861783
6.512975962201995
1.09437055111594
-8.538133691697713
6.602421898279161
6.721703043674459
3.326211972597479
2.8362667743895713
-5.767927408120901
4.150446700309814
4.003557669866797
-4.5040169846588185
-7.085340545105292
-7.131400986493834
-0.3687621644743384
-5.337460032223746
-8.631259620271186
-5.697715683431907
9.39919480275643
5.558058392235905
-1.2346023343881285
-3.091238162131207
1.2134900650663027
9.792540390767755
-9.402487888692209
1.5435947376926347
8.954289944084014
1.6483307945468333
0.5199737419606443
-0.6282127300086326
-0.6010560819394186
1.8258417516801053
6.452454770013858
-0.4938936957658093
2.111537315124135
-3.140845222211368
6.9121502492615114
-0.4871365584133116
1.0886017134453034
-1.3203453760039974
-8.155323668360452
-6.4925720068695725
3.0639298536635486
0.700370382066378
1.1470985218223433
-0.2311883891651494
4.11373421243197
4.313241517764874
-6.372166393662901
2.634658296509274
-6.433334795702217
2.8360458936205735
-0.6760346294217445
1.8950399577698125
2.2114853458344896
-1.2847298991961331
-1.1027151531745698
6.985460840494046
0.4084805250491126
-5.814277222860733
5.25614373971883
2.986525803014274
0.9489659556053649
-4.39276714622406
-5.398989352143115
-9.230260110409477
1.3705333209568806
7.343292441270886
6.767371321608241
4.585960475777203
-9.076045754481115
2.3160561533091304
8.04042584239777
-3.024968924651641
8.50095482851659
3.266615798814147
3.541789558460028
-6.917825855789761
9.57033501556046
-8.730979936312625
0.8392102408773461
-5.701256673902487
2.5332073177218213
-3.8089717519711357
1.6060758642011947
-5.398029189276232
7.896401186413495
-2.435876396805674
-6.0417198260988485
2.0503692736031596
-2.7236408304015614
-6.280156728281732
-5.478212097513342
-7.4015051913275665
3.4841394068016758
2.0690094640715824
6.335029727864622
3.726788043499125
-2.1945877747710396
